本文件说明当前仓库 public/data 下 CSV 中的产品代码（与运行时 bars+etfs 合并规则一致）。
由 scripts/generate_codes_reference.mjs 生成；生成日期 2026-05-29。本地若手改 CSV，请重新运行 npm run data:codes-reference。

【bars.csv】etf_code（16）
  159201, 159232, 159399, 159569, 159758, 510880, 512890, 513530
  513630, 513910, 513920, 513950, 515080, 515100, 515450, 561580

【barsmore.csv】etf_code（48，含与主表重叠）
  159119, 159127, 159143, 159166, 159201, 159221, 159222, 159229
  159232, 159233, 159236, 159266, 159281, 159307, 159332, 159333
  159399, 159547, 159549, 159569, 159581, 159758, 510880, 512890
  513530, 513630, 513820, 513910, 513920, 513950, 515080, 515100
  515180, 515450, 515890, 516460, 520550, 520610, 520810, 560120
  560150, 561580, 562080, 563020, 563580, 563680, 563900, 563990

【bars ∪ barsmore 合并后】场内 ETF 行情代码（48）
  159119, 159127, 159143, 159166, 159201, 159221, 159222, 159229
  159232, 159233, 159236, 159266, 159281, 159307, 159332, 159333
  159399, 159547, 159549, 159569, 159581, 159758, 510880, 512890
  513530, 513630, 513820, 513910, 513920, 513950, 515080, 515100
  515180, 515450, 515890, 516460, 520550, 520610, 520810, 560120
  560150, 561580, 562080, 563020, 563580, 563680, 563900, 563990
  说明：同一 etf_code + 同一 date 以 barsmore 为准。

【fund_bars.csv】场外基金 fund_code（1）
  007751
  说明：开放式基金净值；加载时并入 ETF 看板（/etf/:code）。

【etfs.csv ∪ etfsmore.csv】策略/元数据 code（20）
  007751, 159201, 159232, 159399, 159569, 159758, 510880, 512890
  513530, 513630, 513910, 513920, 513950, 515080, 515100, 515450
  560120, 561580, 562080, 563990

【index_tracking_etfs.csv】映射（28 行，21 只指数）
  场外 OTC：931157→007751

【etf_products.csv】主跟踪 is_primary=true（20）
  512890, 515100, 515080, 515450, 510880, 159758, 561580, 007751
  513530, 513910, 159232, 562080, 560120, 563990, 513950, 159569
  513630, 513920, 159201, 159399

【indices.csv】指数代码（21）
  H30269, 930955, 000922, SPCLLHCP.SPI, 000015, 931468, 000825, 931157
  930914, 931233, 932365, 932366, 932367, 932368, 000300, HSI114
  CIS51002, SPAHLVCP.SPI, HSSCSOY.HI, 980092, FCFQCD
